{"kind":"initial_profile_similarity","node_count":500,"edge_count":10000,"layout":"profile_svd","directed":true,"social_graph_k":20,"nodes":[[-527.2,-43.3,15.8,1,"manager"],[-527.5,-123.7,16.0,2,"service or sales worker"],[-514.1,-131.6,15.8,3,"manager"],[-527.1,-116.7,15.8,4,"service or sales worker"],[-520.9,-52.3,15.8,5,"professional"],[-525.6,-122.1,16.0,6,"service or sales worker"],[-523.6,-52.0,15.8,7,"service or sales worker"],[-526.4,-138.3,16.0,8,"service or sales worker"],[-524.1,-44.7,15.7,9,"manager"],[-522.7,-43.1,15.9,10,"service or sales worker"],[-523.7,-127.1,15.8,11,"elementary worker"],[-535.8,-113.4,15.9,12,"professional"],[-524.0,-40.0,15.7,13,"professional"],[-517.9,-130.5,15.8,14,"craft or trades worker"],[-528.8,-116.8,15.8,15,"professional"],[-523.0,-55.1,15.8,16,"service or sales worker"],[-518.3,-135.0,15.9,17,"service or sales worker"],[-526.5,-127.8,15.9,18,"manager"],[-530.6,-124.0,15.9,19,"clerical support worker"],[-519.2,-110.7,15.7,20,"clerical support worker"],[-529.1,-42.5,15.7,21,"professional"],[-518.1,-50.1,15.8,22,"craft or trades worker"],[-532.0,-104.3,15.8,23,"professional"],[-537.2,-103.6,15.9,24,"technician or associate professional"],[-519.5,-48.8,15.7,25,"craft or trades worker"],[-523.5,-118.0,15.9,26,"professional"],[-525.7,-116.0,15.8,27,"craft or trades worker"],[-530.0,-110.1,15.8,28,"manager"],[-529.6,-120.0,15.9,29,"clerical support worker"],[-521.8,-34.0,15.8,30,"manager"],[-530.8,-104.0,15.9,31,"service or sales worker"],[-512.5,-115.0,15.7,32,"agricultural or fishery worker"],[-526.0,-48.4,15.8,33,"craft or trades worker"],[-528.4,-109.0,15.8,34,"elementary worker"],[-513.5,-49.1,15.7,35,"service or sales worker"],[-528.5,-125.4,16.0,36,"service or sales worker"],[-522.2,-121.9,15.9,37,"clerical support worker"],[-520.4,-118.3,15.8,38,"machine operator or assembler"],[-510.5,-49.7,15.7,39,"service or sales worker"],[-527.9,-33.0,15.8,40,"craft or trades worker"],[-518.4,-112.0,15.8,41,"professional"],[-494.6,-134.0,15.6,42,"clerical support worker"],[-519.8,-124.1,15.9,43,"service or sales worker"],[-524.8,-60.0,15.9,44,"professional"],[-516.5,-128.2,15.8,45,"professional"],[-507.2,-53.3,15.7,46,"elementary worker"],[-501.4,-59.4,15.8,47,"technician or associate professional"],[-499.4,-59.6,15.6,48,"professional"],[-505.5,-134.4,15.7,49,"technician or associate professional"],[-497.5,-140.0,15.7,50,"technician or associate professional"],[-489.9,-128.7,15.7,51,"service or sales worker"],[-484.4,-65.8,15.5,52,"machine operator or assembler"],[-496.3,-38.4,15.5,53,"elementary worker"],[-499.9,-61.3,15.6,54,"service or sales worker"],[-496.1,-123.7,15.7,55,"service or sales worker"],[-498.9,-112.1,15.6,56,"technician or associate professional"],[-497.5,-39.4,15.5,57,"craft or trades worker"],[-500.6,-37.6,15.7,58,"professional"],[-489.2,-45.0,15.5,59,"professional"],[-478.9,-51.5,15.4,60,"elementary worker"],[-492.0,-119.3,15.5,61,"craft or trades worker"],[-462.6,-143.4,15.4,62,"professional"],[-474.7,-141.4,15.6,63,"service or sales worker"],[-476.4,-46.7,15.5,64,"technician or associate professional"],[-468.8,-49.1,15.4,65,"technician or associate professional"],[-463.0,-58.6,14.9,66,"professional"],[-448.9,-38.6,14.8,67,"professional"],[-450.4,-25.5,15.0,68,"clerical support worker"],[-450.1,-9.5,14.9,69,"technician or associate professional"],[-459.3,-23.4,15.1,70,"clerical support worker"],[-417.5,-119.7,14.7,71,"professional"],[-442.1,-112.1,14.9,72,"machine operator or assembler"],[-428.3,-29.9,14.6,73,"service or sales worker"],[-442.9,-7.4,14.6,74,"machine operator or assembler"],[-445.8,-109.9,15.0,75,"professional"],[-445.0,-89.2,14.8,76,"service or sales worker"],[-429.3,4.2,14.6,77,"craft or trades worker"],[-437.2,22.1,14.8,78,"technician or associate professional"],[-433.6,-101.9,14.7,79,"professional"],[-424.9,2.4,14.6,80,"professional"],[-411.9,-100.2,14.6,81,"professional"],[-425.4,-86.9,14.5,82,"technician or associate professional"],[-437.4,12.1,14.7,83,"technician or associate professional"],[-434.6,-76.4,14.6,84,"professional"],[-413.0,1.7,14.5,85,"service or sales worker"],[-405.5,-65.2,14.3,86,"manager"],[-425.7,26.5,14.6,87,"technician or associate professional"],[-411.7,-71.0,14.4,88,"service or sales worker"],[-411.4,26.9,14.3,89,"professional"],[-388.9,-57.6,14.1,90,"professional"],[-396.0,46.8,14.1,91,"professional"],[-390.7,-71.6,14.0,92,"manager"],[-409.3,-44.8,14.2,93,"technician or associate professional"],[-395.8,-53.7,14.3,94,"manager"],[-398.4,65.3,14.1,95,"professional"],[-384.9,-47.6,14.1,96,"elementary worker"],[-376.5,72.2,13.8,97,"machine operator or assembler"],[-390.4,39.4,14.1,98,"professional"],[-393.1,69.7,14.0,99,"professional"],[-402.2,73.3,14.3,100,"technician or associate professional"],[-382.5,-44.3,14.2,101,"craft or trades worker"],[-349.4,54.2,13.2,102,"agricultural or fishery worker"],[-374.9,97.0,14.0,103,"professional"],[-375.9,-42.9,13.9,104,"professional"],[-370.6,-35.1,14.1,105,"technician or associate professional"],[-355.6,80.5,13.6,106,"craft or trades worker"],[-380.5,-31.9,13.8,107,"craft or trades worker"],[-355.8,74.6,13.6,108,"professional"],[-363.7,-19.0,13.5,109,"clerical support worker"],[-382.2,-6.1,13.9,110,"professional"],[-348.2,102.4,13.5,111,"service or sales worker"],[-351.9,0.2,13.4,112,"machine operator or assembler"],[-374.9,127.0,13.8,113,"technician or associate professional"],[-375.2,107.7,13.9,114,"manager"],[-353.4,-42.9,13.6,115,"clerical support worker"],[-335.0,-35.3,13.8,116,"technician or associate professional"],[-365.0,100.0,13.7,117,"craft or trades worker"],[-369.0,117.9,13.7,118,"technician or associate professional"],[-368.9,-4.6,13.5,119,"craft or trades worker"],[-347.3,101.5,13.7,120,"professional"],[-342.2,-20.3,13.6,121,"professional"],[-346.3,-23.2,13.9,122,"professional"],[-340.3,110.5,13.2,123,"manager"],[-353.8,4.6,13.3,124,"professional"],[-360.9,139.9,13.7,125,"service or sales worker"],[-350.1,137.6,13.7,126,"professional"],[-344.0,148.3,13.6,127,"professional"],[-336.2,129.7,13.7,128,"professional"],[-349.0,11.3,13.6,129,"manager"],[-346.4,-11.8,13.7,130,"craft or trades worker"],[-321.7,116.7,13.3,131,"machine operator or assembler"],[-350.9,116.0,13.2,132,"manager"],[-338.5,-11.3,13.7,133,"service or sales worker"],[-329.7,121.8,13.4,134,"service or sales worker"],[-349.7,9.6,13.8,135,"elementary worker"],[-342.6,125.2,13.5,136,"technician or associate professional"],[-333.4,24.3,13.5,137,"professional"],[-306.2,128.8,13.0,138,"technician or associate professional"],[-309.9,0.3,13.4,139,"craft or trades worker"],[-325.3,2.1,13.5,140,"service or sales worker"],[-325.2,150.9,13.3,141,"technician or associate professional"],[-319.0,-1.1,13.4,142,"professional"],[-317.1,1.0,13.7,143,"service or sales worker"],[-321.6,165.7,13.3,144,"craft or trades worker"],[-293.7,-7.9,13.5,145,"technician or associate professional"],[-298.6,-14.9,13.3,146,"service or sales worker"],[-314.1,2.7,13.5,147,"technician or associate professional"],[-325.4,172.6,13.6,148,"technician or associate professional"],[-305.9,157.0,13.5,149,"clerical support worker"],[-330.8,145.5,13.3,150,"service or sales worker"],[-330.5,27.5,13.3,151,"elementary worker"],[-316.0,21.3,13.4,152,"technician or associate professional"],[-301.9,19.9,13.4,153,"technician or associate professional"],[-321.0,173.7,13.6,154,"technician or associate professional"],[-311.3,56.5,13.1,155,"professional"],[-327.1,30.3,13.5,156,"professional"],[-302.6,170.8,13.6,157,"manager"],[-265.6,141.9,12.5,158,"technician or associate professional"],[-317.3,169.2,13.1,159,"professional"],[-326.1,49.4,13.5,160,"technician or associate professional"],[-288.3,161.3,12.9,161,"agricultural or fishery worker"],[-312.2,161.2,13.0,162,"professional"],[-289.4,7.1,13.1,163,"service or sales worker"],[-279.1,125.2,13.0,164,"machine operator or assembler"],[-298.2,141.9,13.0,165,"clerical support worker"],[-308.0,34.6,13.2,166,"professional"],[-299.6,167.1,13.1,167,"technician or associate professional"],[-310.1,166.6,13.8,168,"clerical support worker"],[-311.3,164.3,13.7,169,"clerical support worker"],[-313.5,180.7,13.7,170,"professional"],[-305.4,149.2,12.9,171,"technician or associate professional"],[-286.4,145.7,13.5,172,"clerical support worker"],[-307.6,48.8,13.1,173,"professional"],[-282.1,163.1,13.5,174,"service or sales worker"],[-297.5,122.7,13.1,175,"manager"],[-305.7,189.0,13.5,176,"technician or associate professional"],[-287.1,40.0,12.6,177,"agricultural or fishery worker"],[-304.1,18.9,13.3,178,"professional"],[-297.2,182.5,13.4,179,"service or sales worker"],[-294.5,175.1,13.1,180,"technician or associate professional"],[-272.0,146.2,12.8,181,"professional"],[-273.3,24.8,12.6,182,"machine operator or assembler"],[-290.8,41.3,13.2,183,"technician or associate professional"],[-301.0,177.8,12.8,184,"professional"],[-271.4,24.7,12.7,185,"machine operator or assembler"],[-285.2,169.5,12.8,186,"service or sales worker"],[-295.4,53.1,13.1,187,"service or sales worker"],[-288.6,49.1,13.2,188,"manager"],[-306.9,165.6,13.6,189,"professional"],[-257.0,25.9,12.6,190,"service or sales worker"],[-290.0,164.7,13.0,191,"professional"],[-291.4,129.4,12.9,192,"professional"],[-285.1,199.2,13.2,193,"service or sales worker"],[-299.5,37.1,13.0,194,"professional"],[-267.5,33.3,13.0,195,"manager"],[-293.6,180.2,13.5,196,"manager"],[-297.9,33.6,13.3,197,"technician or associate professional"],[-266.1,39.2,12.4,198,"service or sales worker"],[-261.3,34.9,13.3,199,"craft or trades worker"],[-266.2,153.3,13.1,200,"professional"],[-289.8,47.9,12.7,201,"professional"],[-267.8,18.9,13.5,202,"clerical support worker"],[-283.1,160.2,12.9,203,"technician or associate professional"],[-253.1,8.8,12.9,204,"clerical support worker"],[-264.9,167.4,12.9,205,"machine operator or assembler"],[-251.9,165.8,13.3,206,"clerical support worker"],[-259.1,146.5,12.9,207,"technician or associate professional"],[-279.0,165.9,12.8,208,"elementary worker"],[-265.5,26.6,12.4,209,"manager"],[-277.8,43.9,12.8,210,"machine operator or assembler"],[-255.0,1.4,12.7,211,"clerical support worker"],[-267.0,11.7,13.2,212,"clerical support worker"],[-237.9,142.7,12.3,213,"machine operator or assembler"],[-246.4,160.9,12.8,214,"clerical support worker"],[-267.8,152.9,12.5,215,"technician or associate professional"],[-284.2,153.9,13.0,216,"professional"],[-268.8,164.3,13.6,217,"service or sales worker"],[-258.6,4.7,13.0,218,"clerical support worker"],[-257.0,0.9,12.6,219,"professional"],[-247.3,168.8,13.3,220,"service or sales worker"],[-227.7,-12.8,12.8,221,"service or sales worker"],[-244.9,147.1,12.4,222,"technician or associate professional"],[-269.4,139.7,12.5,223,"manager"],[-248.2,137.8,12.8,224,"technician or associate professional"],[-259.0,155.3,13.1,225,"manager"],[-250.6,156.4,13.1,226,"manager"],[-260.2,152.1,12.8,227,"technician or associate professional"],[-238.6,128.2,12.6,228,"manager"],[-268.3,33.0,12.7,229,"professional"],[-247.8,18.5,12.2,230,"service or sales worker"],[-219.2,111.8,12.0,231,"professional"],[-259.8,99.6,12.5,232,"elementary worker"],[-217.7,116.6,12.2,233,"machine operator or assembler"],[-264.5,112.6,12.4,234,"clerical support worker"],[-251.1,129.2,12.6,235,"elementary worker"],[-266.6,154.4,12.7,236,"craft or trades worker"],[-231.8,167.7,13.3,237,"professional"],[-249.9,8.5,12.6,238,"service or sales worker"],[-271.9,18.3,13.0,239,"professional"],[-216.4,-10.6,12.7,240,"service or sales worker"],[-271.1,28.9,13.1,241,"clerical support worker"],[-264.2,164.5,13.0,242,"manager"],[-250.5,-6.6,12.2,243,"professional"],[-244.3,-7.0,12.8,244,"elementary worker"],[-253.2,72.1,12.0,245,"professional"],[-264.8,160.5,13.0,246,"professional"],[-241.2,123.4,12.4,247,"professional"],[-250.1,5.8,12.7,248,"technician or associate professional"],[-248.7,126.6,12.5,249,"craft or trades worker"],[-258.8,167.2,12.9,250,"service or sales worker"],[-252.4,155.8,12.6,251,"technician or associate professional"],[-231.8,158.1,13.2,252,"professional"],[-205.5,98.6,12.0,253,"manager"],[-232.9,15.7,12.7,254,"technician or associate professional"],[-248.5,147.4,12.5,255,"craft or trades worker"],[-235.3,7.9,12.3,256,"service or sales worker"],[-513.7,-108.7,15.7,257,"technician or associate professional"],[-535.8,-37.8,15.8,258,"clerical support worker"],[-526.5,-37.0,15.8,259,"technician or associate professional"],[-522.2,-40.4,15.7,260,"clerical support worker"],[-531.8,-111.0,16.0,261,"clerical support worker"],[-530.8,-119.9,16.0,262,"service or sales worker"],[-532.3,-100.0,15.9,263,"clerical support worker"],[-492.1,-55.4,15.5,264,"machine operator or assembler"],[-534.8,-29.0,15.9,265,"technician or associate professional"],[-530.9,-52.2,15.7,266,"manager"],[-525.3,-59.1,15.8,267,"professional"],[-526.7,-126.9,15.9,268,"clerical support worker"],[-514.5,-127.2,15.7,269,"clerical support worker"],[-521.1,-116.4,15.9,270,"clerical support worker"],[-528.3,-116.5,15.9,271,"service or sales worker"],[-519.8,-119.6,15.7,272,"professional"],[-520.8,-123.2,15.9,273,"service or sales worker"],[-511.8,-127.6,15.7,274,"service or sales worker"],[-533.8,-27.6,15.8,275,"technician or associate professional"],[-523.1,-116.7,15.7,276,"technician or associate professional"],[-496.4,-135.5,15.6,277,"professional"],[-521.9,-126.1,15.8,278,"technician or associate professional"],[-523.9,-104.7,15.8,279,"agricultural or fishery worker"],[-523.2,-40.2,15.8,280,"machine operator or assembler"],[-516.8,-116.6,15.8,281,"clerical support worker"],[-521.3,-132.7,15.9,282,"professional"],[-532.4,-130.5,16.0,283,"service or sales worker"],[-529.7,-30.1,15.8,284,"service or sales worker"],[-531.3,-42.3,15.8,285,"technician or associate professional"],[-513.7,-130.2,15.8,286,"craft or trades worker"],[-517.5,-118.6,15.8,287,"manager"],[-516.0,-125.5,15.8,288,"manager"],[-531.5,-117.9,15.9,289,"professional"],[-530.8,-49.6,15.9,290,"professional"],[-526.2,-39.9,15.8,291,"craft or trades worker"],[-525.8,-41.9,15.7,292,"technician or associate professional"],[-523.1,-125.1,15.8,293,"professional"],[-532.1,-116.8,15.9,294,"technician or associate professional"],[-517.7,-113.7,15.7,295,"technician or associate professional"],[-519.6,-118.3,15.9,296,"professional"],[-520.4,-34.4,15.8,297,"professional"],[-518.4,-125.9,15.8,298,"service or sales worker"],[-520.7,-110.0,15.8,299,"professional"],[-516.0,-43.6,15.8,300,"service or sales worker"],[-508.9,-128.9,15.8,301,"professional"],[-490.2,-134.6,15.7,302,"service or sales worker"],[-501.5,-129.6,15.7,303,"agricultural or fishery worker"],[-503.3,-136.5,15.8,304,"professional"],[-506.6,-138.2,15.8,305,"manager"],[-500.0,-128.2,15.7,306,"machine operator or assembler"],[-492.1,-138.9,15.7,307,"technician or associate professional"],[-507.5,-113.2,15.8,308,"service or sales worker"],[-510.2,-104.4,15.7,309,"manager"],[-511.2,-59.4,15.7,310,"professional"],[-495.7,-130.5,15.7,311,"clerical support worker"],[-488.9,-66.0,15.4,312,"craft or trades worker"],[-499.8,-33.7,15.6,313,"professional"],[-478.5,-139.4,15.6,314,"service or sales worker"],[-482.8,-47.9,15.6,315,"service or sales worker"],[-485.4,-128.4,15.6,316,"professional"],[-497.5,-106.1,15.6,317,"professional"],[-484.1,-139.7,15.6,318,"professional"],[-478.5,-131.0,15.6,319,"technician or associate professional"],[-476.3,-127.7,15.5,320,"service or sales worker"],[-474.9,-102.5,15.3,321,"technician or associate professional"],[-472.4,-52.4,15.4,322,"professional"],[-482.4,-106.5,15.4,323,"service or sales worker"],[-468.8,-14.7,15.1,324,"clerical support worker"],[-454.7,-10.6,15.1,325,"clerical support worker"],[-457.5,-14.5,15.1,326,"clerical support worker"],[-446.8,-92.4,14.9,327,"professional"],[-440.0,-30.9,14.8,328,"service or sales worker"],[-446.4,6.9,14.9,329,"technician or associate professional"],[-428.3,-7.7,14.7,330,"technician or associate professional"],[-453.3,-91.6,14.9,331,"professional"],[-448.2,-22.7,15.0,332,"clerical support worker"],[-424.9,-29.2,14.5,333,"service or sales worker"],[-433.3,-85.1,14.7,334,"technician or associate professional"],[-429.7,-102.0,14.5,335,"craft or trades worker"],[-412.2,-108.6,14.6,336,"craft or trades worker"],[-444.9,7.7,14.8,337,"professional"],[-418.1,-86.4,14.6,338,"service or sales worker"],[-419.7,-80.0,14.6,339,"technician or associate professional"],[-419.7,5.0,14.4,340,"elementary worker"],[-422.7,-96.2,14.5,341,"professional"],[-428.9,-80.7,14.4,342,"professional"],[-416.1,41.6,14.3,343,"technician or associate professional"],[-417.6,44.6,14.3,344,"professional"],[-419.1,34.4,14.3,345,"service or sales worker"],[-402.5,33.3,14.2,346,"clerical support worker"],[-414.2,-58.7,14.4,347,"professional"],[-407.3,41.9,14.3,348,"clerical support worker"],[-397.7,14.5,14.0,349,"craft or trades worker"],[-386.7,-67.9,14.1,350,"agricultural or fishery worker"],[-398.6,-73.7,14.1,351,"clerical support worker"],[-399.9,-54.0,14.3,352,"professional"],[-397.4,-53.1,14.0,353,"professional"],[-380.4,-41.8,14.1,354,"craft or trades worker"],[-360.8,-64.1,14.0,355,"service or sales worker"],[-369.9,64.6,13.7,356,"clerical support worker"],[-386.5,-49.6,13.9,357,"craft or trades worker"],[-382.9,104.5,14.0,358,"professional"],[-372.0,104.3,13.8,359,"service or sales worker"],[-369.0,81.8,13.8,360,"professional"],[-380.7,109.9,14.0,361,"professional"],[-359.4,-25.3,13.3,362,"technician or associate professional"],[-360.0,87.5,13.9,363,"technician or associate professional"],[-365.4,-29.0,14.0,364,"machine operator or assembler"],[-374.8,91.2,14.0,365,"technician or associate professional"],[-357.0,-47.3,14.0,366,"craft or trades worker"],[-356.8,-36.9,13.9,367,"service or sales worker"],[-352.7,111.5,13.7,368,"service or sales worker"],[-375.4,-24.6,13.8,369,"machine operator or assembler"],[-379.5,115.2,14.1,370,"technician or associate professional"],[-389.6,17.1,13.9,371,"technician or associate professional"],[-366.7,-6.5,13.9,372,"professional"],[-340.2,76.7,13.5,373,"professional"],[-344.3,116.3,13.6,374,"craft or trades worker"],[-344.9,-38.0,13.7,375,"technician or associate professional"],[-355.5,-2.0,13.5,376,"technician or associate professional"],[-355.3,-8.9,13.8,377,"professional"],[-338.3,84.9,13.3,378,"clerical support worker"],[-334.2,105.7,13.2,379,"service or sales worker"],[-343.5,48.3,13.0,380,"professional"],[-357.4,32.9,13.4,381,"service or sales worker"],[-348.9,-2.3,13.8,382,"service or sales worker"],[-331.6,2.6,13.2,383,"agricultural or fishery worker"],[-357.7,136.4,13.7,384,"professional"],[-331.0,136.3,13.5,385,"service or sales worker"],[-360.7,11.6,13.7,386,"professional"],[-335.1,124.5,13.6,387,"technician or associate professional"],[-348.6,23.0,13.4,388,"service or sales worker"],[-316.9,-10.3,13.7,389,"service or sales worker"],[-349.0,26.1,13.6,390,"professional"],[-322.7,-6.6,13.8,391,"craft or trades worker"],[-339.8,24.6,13.6,392,"manager"],[-337.3,131.9,13.6,393,"clerical support worker"],[-302.1,136.2,13.5,394,"elementary worker"],[-304.3,11.8,12.9,395,"clerical support worker"],[-308.0,171.0,13.3,396,"agricultural or fishery worker"],[-328.1,147.0,13.6,397,"clerical support worker"],[-303.9,125.5,13.0,398,"agricultural or fishery worker"],[-323.3,181.2,13.7,399,"service or sales worker"],[-306.9,12.2,13.0,400,"service or sales worker"],[-331.6,167.3,13.6,401,"professional"],[-306.3,129.7,13.1,402,"service or sales worker"],[-310.3,150.5,13.3,403,"professional"],[-335.5,-10.6,13.3,404,"elementary worker"],[-313.3,11.3,13.4,405,"professional"],[-334.0,37.9,13.4,406,"professional"],[-314.7,32.9,12.9,407,"craft or trades worker"],[-288.1,-10.8,12.8,408,"professional"],[-309.4,5.9,13.1,409,"technician or associate professional"],[-326.8,156.7,13.3,410,"service or sales worker"],[-320.9,83.4,12.8,411,"professional"],[-320.8,160.5,13.2,412,"professional"],[-332.0,71.1,13.1,413,"clerical support worker"],[-304.6,104.0,13.1,414,"professional"],[-299.8,34.7,13.7,415,"professional"],[-283.2,145.4,12.8,416,"manager"],[-305.3,30.6,12.8,417,"technician or associate professional"],[-303.1,11.4,13.3,418,"professional"],[-290.4,12.7,13.4,419,"manager"],[-311.8,177.2,13.8,420,"service or sales worker"],[-297.2,27.8,13.2,421,"service or sales worker"],[-320.2,178.3,13.3,422,"manager"],[-303.7,182.6,13.1,423,"professional"],[-285.1,-6.2,13.1,424,"craft or trades worker"],[-292.1,28.1,13.2,425,"clerical support worker"],[-289.8,26.4,13.3,426,"technician or associate professional"],[-302.6,50.4,13.3,427,"technician or associate professional"],[-275.4,19.6,13.2,428,"professional"],[-285.2,37.1,12.9,429,"craft or trades worker"],[-273.8,185.4,13.1,430,"machine operator or assembler"],[-278.1,43.7,12.5,431,"machine operator or assembler"],[-279.9,25.6,13.6,432,"professional"],[-307.2,187.5,13.6,433,"professional"],[-309.7,163.1,13.2,434,"professional"],[-262.5,-4.1,13.0,435,"professional"],[-283.3,26.8,13.6,436,"technician or associate professional"],[-288.4,34.3,13.2,437,"service or sales worker"],[-300.1,178.1,13.2,438,"professional"],[-293.1,193.8,13.5,439,"machine operator or assembler"],[-296.8,14.0,13.3,440,"professional"],[-293.1,16.7,13.5,441,"manager"],[-274.4,31.3,13.1,442,"craft or trades worker"],[-285.7,159.0,13.1,443,"service or sales worker"],[-283.4,41.6,13.0,444,"technician or associate professional"],[-260.8,30.5,12.6,445,"clerical support worker"],[-304.8,129.0,12.5,446,"professional"],[-263.3,10.7,13.2,447,"professional"],[-305.0,190.6,13.2,448,"technician or associate professional"],[-286.3,35.4,13.2,449,"technician or associate professional"],[-294.2,48.5,13.1,450,"service or sales worker"],[-287.1,186.9,13.2,451,"professional"],[-272.1,184.9,13.3,452,"service or sales worker"],[-277.8,54.7,13.2,453,"service or sales worker"],[-273.9,3.0,12.7,454,"professional"],[-271.5,109.4,13.0,455,"manager"],[-286.0,60.6,13.1,456,"technician or associate professional"],[-289.8,194.7,13.5,457,"service or sales worker"],[-271.9,165.0,13.3,458,"service or sales worker"],[-266.0,170.8,12.9,459,"service or sales worker"],[-272.6,37.0,13.1,460,"technician or associate professional"],[-292.4,197.7,13.4,461,"professional"],[-276.1,143.6,12.6,462,"clerical support worker"],[-268.2,9.6,13.1,463,"professional"],[-284.8,185.7,13.8,464,"service or sales worker"],[-270.2,169.9,13.4,465,"professional"],[-266.6,167.9,12.9,466,"professional"],[-256.9,6.8,13.0,467,"clerical support worker"],[-284.2,46.7,13.1,468,"clerical support worker"],[-275.2,195.4,13.3,469,"service or sales worker"],[-252.9,10.9,13.2,470,"technician or associate professional"],[-267.1,180.1,13.0,471,"machine operator or assembler"],[-275.4,154.3,12.6,472,"craft or trades worker"],[-258.3,143.3,12.7,473,"craft or trades worker"],[-234.6,0.1,12.5,474,"service or sales worker"],[-273.3,192.6,13.4,475,"service or sales worker"],[-248.0,41.7,12.5,476,"service or sales worker"],[-280.3,161.9,13.4,477,"technician or associate professional"],[-259.8,13.8,12.7,478,"technician or associate professional"],[-259.2,16.7,12.4,479,"clerical support worker"],[-263.0,163.8,12.7,480,"manager"],[-269.7,157.7,12.7,481,"manager"],[-260.6,174.3,12.5,482,"craft or trades worker"],[-242.1,19.1,12.0,483,"manager"],[-247.2,152.6,12.9,484,"clerical support worker"],[-244.6,129.0,12.4,485,"service or sales worker"],[-247.2,152.2,12.5,486,"professional"],[-245.6,184.4,13.1,487,"machine operator or assembler"],[-247.2,34.0,12.4,488,"professional"],[-244.7,30.5,12.7,489,"craft or trades worker"],[-262.0,163.3,12.7,490,"service or sales worker"],[-242.4,150.8,12.4,491,"professional"],[-252.8,1.2,12.5,492,"professional"],[-246.8,-6.1,12.5,493,"professional"],[-239.1,135.6,12.3,494,"technician or associate professional"],[-232.6,152.4,13.2,495,"professional"],[-243.2,26.7,12.9,496,"elementary worker"],[-237.7,128.1,12.7,497,"professional"],[-238.6,135.0,12.9,498,"craft or trades worker"],[-254.5,-0.5,12.4,499,"professional"],[-247.5,51.2,12.4,500,"elementary worker"]],"edges":[[0,52,0.9197],[0,20,0.9028],[0,265,0.902],[0,284,0.896],[0,289,0.883],[0,12,0.882],[0,8,0.8726],[0,264,0.8701],[0,309,0.8678],[0,43,0.8672],[0,258,0.8668],[0,266,0.8666],[0,9,0.8647],[0,32,0.8615],[0,4,0.8596],[0,15,0.8589],[0,257,0.8581],[0,6,0.8551],[0,17,0.8538],[0,3,0.8517],[1,27,0.9341],[1,23,0.9187],[1,44,0.9153],[1,5,0.9126],[1,261,0.9125],[1,302,0.9109],[1,7,0.9108],[1,35,0.9043],[1,297,0.904],[1,3,0.9034],[1,282,0.9015],[1,267,0.8952],[1,6,0.8942],[1,270,0.8866],[1,13,0.8828],[1,10,0.8771],[1,42,0.8765],[1,9,0.8747],[1,15,0.8731],[1,34,0.8731],[2,295,0.935],[2,13,0.9293],[2,25,0.9254],[2,50,0.9203],[2,44,0.8877],[2,293,0.8824],[2,288,0.8795],[2,27,0.8782],[2,318,0.8745],[2,272,0.8703],[2,300,0.8689],[2,256,0.8674],[2,287,0.8665],[2,23,0.8665],[2,286,0.8643],[2,14,0.8636],[2,8,0.8632],[2,36,0.8625],[2,280,0.8581],[2,40,0.8559],[3,286,0.9308],[3,305,0.9096],[3,1,0.9034],[3,261,0.8889],[3,6,0.8815],[3,282,0.8809],[3,7,0.8802],[3,320,0.8777],[3,5,0.8768],[3,27,0.8764],[3,42,0.8757],[3,297,0.874],[3,267,0.8729],[3,23,0.8706],[3,272,0.8697],[3,35,0.869],[3,30,0.8687],[3,33,0.8626],[3,34,0.8626],[3,288,0.8609],[4,289,0.9546],[4,314,0.9333],[4,57,0.9194],[4,43,0.9128],[4,296,0.901],[4,46,0.8851],[4,284,0.8797],[4,29,0.8782],[4,258,0.8733],[4,32,0.8726],[4,9,0.8696],[4,15,0.8662],[4,8,0.8654],[4,266,0.8648],[4,38,0.8648],[4,45,0.8637],[4,47,0.8614],[4,0,0.8596],[4,48,0.8571],[4,264,0.8556],[5,22,0.9396],[5,319,0.9229],[5,35,0.9183],[5,1,0.9126],[5,7,0.9089],[5,261,0.9066],[5,31,0.9033],[5,310,0.9021],[5,297,0.9005],[5,270,0.9005],[5,10,0.8971],[5,282,0.8959],[5,42,0.89],[5,11,0.8847],[5,30,0.8787],[5,3,0.8768],[5,27,0.8762],[5,18,0.873],[5,17,0.8724],[5,267,0.8722],[6,34,0.9462],[6,1,0.8942],[6,15,0.8902],[6,9,0.8882],[6,3,0.8815],[6,283,0.8793],[6,20,0.8778],[6,23,0.8752],[6,38,0.8675],[6,290,0.8666],[6,257,0.8647],[6,299,0.8634],[6,39,0.8626],[6,27,0.8626],[6,261,0.8618],[6,289,0.8605],[6,274,0.859],[6,264,0.8588],[6,32,0.858],[6,24,0.8562],[7,35,0.98],[7,282,0.9778],[7,16,0.9504],[7,261,0.9184],[7,1,0.9108],[7,42,0.9106],[7,5,0.9089],[7,270,0.9025],[7,18,0.8959],[7,304,0.8926],[7,297,0.8915],[7,17,0.8873],[7,281,0.8822],[7,267,0.8811],[7,277,0.881],[7,37,0.8806],[7,3,0.8802],[7,269,0.8757],[7,11,0.8748],[7,15,0.8744],[8,29,0.8942],[8,257,0.8854],[8,45,0.8833],[8,296,0.8806],[8,290,0.8765],[8,0,0.8726],[8,265,0.8673],[8,4,0.8654],[8,264,0.8648],[8,2,0.8632],[8,47,0.8611],[8,39,0.8611],[8,300,0.8608],[8,43,0.8588],[8,46,0.8565],[8,280,0.8528],[8,53,0.8514],[8,293,0.8507],[8,14,0.8503],[8,288,0.8498],[9,45,0.9128],[9,289,0.905],[9,46,0.9022],[9,299,0.9007],[9,15,0.8921],[9,283,0.889],[9,6,0.8882],[9,32,0.8856],[9,264,0.8851],[9,261,0.8841],[9,258,0.8756],[9,1,0.8747],[9,257,0.8743],[9,270,0.8724],[9,314,0.8723],[9,43,0.8699],[9,279,0.8697],[9,4,0.8696],[9,38,0.8692],[9,24,0.869],[10,313,0.9098],[10,11,0.8989],[10,5,0.8971],[10,33,0.8831],[10,270,0.8829],[10,42,0.8804],[10,1,0.8771],[10,261,0.877],[10,35,0.8765],[10,17,0.8761],[10,268,0.8747],[10,260,0.8726],[10,18,0.8723],[10,297,0.8721],[10,295,0.8716],[10,262,0.8713],[10,27,0.8705],[10,294,0.8703],[10,7,0.8695],[10,22,0.8683],[11,260,0.951],[11,261,0.949],[11,36,0.9217],[11,272,0.9163],[11,278,0.9034],[11,10,0.8989],[11,288,0.893],[11,17,0.8907],[11,294,0.8898],[11,317,0.8897],[11,270,0.8873],[11,293,0.8871],[11,35,0.8859],[11,5,0.8847],[11,26,0.8842],[11,18,0.8804],[11,42,0.8796],[11,262,0.8796],[11,289,0.8787],[11,28,0.8784],[12,20,0.9229],[12,265,0.8839],[12,0,0.882],[12,68,0.8809],[12,274,0.8662],[12,291,0.8659],[12,284,0.8656],[12,264,0.8575],[12,43,0.855],[12,14,0.8546],[12,266,0.8542],[12,257,0.8535],[12,22,0.8458],[12,6,0.8438],[12,258,0.8433],[12,39,0.8423],[12,23,0.8415],[12,24,0.841],[12,289,0.8386],[12,290,0.8382],[13,25,0.9452],[13,295,0.9331],[13,2,0.9293],[13,318,0.9084],[13,50,0.901],[13,23,0.8873],[13,285,0.8861],[13,1,0.8828],[13,282,0.8786],[13,27,0.8725],[13,302,0.8692],[13,275,0.8652],[13,298,0.8648],[13,40,0.8617],[13,44,0.8616],[13,7,0.8614],[13,26,0.8612],[13,261,0.8601],[13,37,0.8578],[13,262,0.8578],[14,267,0.9259],[14,54,0.9192],[14,293,0.9167],[14,288,0.9101],[14,44,0.8976],[14,23,0.8833],[14,271,0.8764],[14,36,0.8763],[14,300,0.8762],[14,22,0.8746],[14,272,0.873],[14,262,0.8709],[14,292,0.8704],[14,286,0.8694],[14,33,0.869],[14,31,0.8671],[14,16,0.8661],[14,280,0.8647],[14,28,0.8644],[14,2,0.8636],[15,38,0.952],[15,258,0.9007],[15,299,0.8921],[15,9,0.8921],[15,289,0.8918],[15,6,0.8902],[15,266,0.8825],[15,32,0.8792],[15,279,0.8763],[15,7,0.8744],[15,1,0.8731],[15,283,0.8679],[15,4,0.8662],[15,35,0.8658],[15,21,0.8654],[15,282,0.8637],[15,261,0.8636],[15,284,0.8622],[15,5,0.862],[15,24,0.8605],[16,282,0.9506],[16,7,0.9504],[16,35,0.938],[16,272,0.896],[16,42,0.8942],[16,280,0.8916],[16,307,0.881],[16,300,0.88],[16,28,0.8787],[16,293,0.8781],[16,269,0.8768],[16,30,0.8767],[16,50,0.8755],[16,5,0.8722],[16,261,0.8716],[16,44,0.8711],[16,14,0.8661],[16,40,0.8659],[16,36,0.8655],[16,1,0.8624],[17,281,0.9731],[17,28,0.9354],[17,49,0.9278],[17,304,0.8912],[17,11,0.8907],[17,261,0.8899],[17,18,0.8893],[17,7,0.8873],[17,35,0.8828],[17,270,0.8812],[17,282,0.8808],[17,267,0.8784],[17,10,0.8761],[17,277,0.8742],[17,5,0.8724],[17,287,0.8723],[17,30,0.8717],[17,26,0.8701],[17,1,0.8677],[17,33,0.8667],[18,270,0.9526],[18,48,0.9259],[18,267,0.8982],[18,7,0.8959],[18,260,0.8947],[18,275,0.8941],[18,35,0.8918],[18,277,0.8897],[18,17,0.8893],[18,282,0.8867],[18,281,0.8864],[18,28,0.8847],[18,261,0.8822],[18,11,0.8804],[18,304,0.8795],[18,268,0.8774],[18,42,0.8754],[18,294,0.8743],[18,5,0.873],[18,10,0.8723],[19,41,0.9347],[19,28,0.8859],[19,23,0.8774],[19,260,0.8759],[19,262,0.8752],[19,269,0.8693],[19,10,0.8626],[19,18,0.8623],[19,22,0.8615],[19,280,0.8585],[19,268,0.8585],[19,16,0.8569],[19,294,0.8565],[19,40,0.8538],[19,30,0.8492],[19,36,0.8477],[19,5,0.8473],[19,11,0.8471],[19,293,0.847],[19,27,0.8466],[20,12,0.9229],[20,0,0.9028],[20,265,0.896],[20,323,0.8819],[20,6,0.8778],[20,284,0.8746],[20,22,0.8688],[20,257,0.8626],[20,289,0.8624],[20,43,0.8623],[20,298,0.854],[20,3,0.8539],[20,291,0.8534],[20,14,0.8528],[20,274,0.8517],[20,23,0.85],[20,266,0.8481],[20,258,0.847],[20,264,0.847],[20,52,0.8453],[21,266,0.9513],[21,279,0.9444],[21,53,0.9008],[21,24,0.8998],[21,32,0.8926],[21,39,0.8714],[21,284,0.8703],[21,289,0.8701],[21,15,0.8654],[21,290,0.8642],[21,43,0.8576],[21,9,0.8562],[21,258,0.8545],[21,274,0.8512],[21,291,0.8503],[21,264,0.8471],[21,37,0.8457],[21,38,0.8445],[21,6,0.8416],[21,283,0.8404],[22,5,0.9396],[22,31,0.9187],[22,310,0.9115],[22,23,0.8964],[22,269,0.8825],[22,28,0.8796],[22,43,0.8786],[22,40,0.8774],[22,319,0.8763],[22,25,0.8753],[22,14,0.8746],[22,282,0.8731],[22,30,0.8721],[22,33,0.8699],[22,11,0.8698],[22,20,0.8688],[22,10,0.8683],[22,7,0.8682],[22,35,0.8664],[22,292,0.8646],[23,27,0.9378],[23,44,0.925],[23,1,0.9187],[23,293,0.9036],[23,25,0.9018],[23,22,0.8964],[23,262,0.8929],[23,295,0.8884],[23,13,0.8873],[23,302,0.8867],[23,14,0.8833],[23,291,0.8822],[23,40,0.8818],[23,274,0.8807],[23,33,0.8798],[23,275,0.878],[23,19,0.8774],[23,28,0.876],[23,260,0.8758],[23,11,0.8754],[24,32,0.9749],[24,21,0.8998],[24,43,0.8833],[24,290,0.8832],[24,289,0.8778],[24,266,0.8755],[24,264,0.8699],[24,39,0.8694],[24,9,0.869],[24,279,0.867],[24,258,0.8608],[24,15,0.8605],[24,6,0.8562],[24,291,0.8522],[24,0,0.8495],[24,282,0.8486],[24,265,0.8475],[24,257,0.8455],[24,285,0.8455],[24,4,0.844],[25,295,0.9573],[25,13,0.9452],[25,2,0.9254],[25,318,0.9209],[25,50,0.9124],[25,23,0.9018],[25,40,0.9013],[25,269,0.8828],[25,22,0.8753],[25,293,0.8719],[25,43,0.8662],[25,282,0.8652],[25,1,0.8639],[25,55,0.8618],[25,298,0.8611],[25,44,0.8603],[25,14,0.8591],[25,262,0.8579],[25,28,0.8579],[25,300,0.8577],[26,30,0.9551],[26,316,0.9222],[26,11,0.8842],[26,271,0.8794],[26,288,0.8784],[26,260,0.8778],[26,37,0.8776],[26,28,0.8763],[26,293,0.8722],[26,36,0.8714],[26,42,0.8707],[26,17,0.8701],[26,10,0.8661],[26,278,0.8632],[26,261,0.8619],[26,13,0.8612],[26,272,0.8612],[26,282,0.8595],[26,35,0.859],[26,5,0.8587],[27,23,0.9378],[27,1,0.9341],[27,44,0.9143],[27,302,0.8963],[27,292,0.8806],[27,286,0.8796],[27,2,0.8782],[27,3,0.8764],[27,5,0.8762],[27,11,0.8759],[27,260,0.8748],[27,13,0.8725],[27,10,0.8705],[27,267,0.8659],[27,261,0.8658],[27,35,0.8655],[27,265,0.865],[27,297,0.8644],[27,282,0.864],[27,17,0.864],[28,17,0.9354],[28,281,0.9257],[28,49,0.8994],[28,260,0.898],[28,19,0.8859],[28,30,0.8854],[28,18,0.8847],[28,282,0.8819],[28,262,0.8797],[28,22,0.8796],[28,35,0.8794],[28,16,0.8787],[28,11,0.8784],[28,26,0.8763],[28,23,0.876],[28,33,0.8755],[28,40,0.8752],[28,269,0.8726],[28,7,0.8723],[28,36,0.8708],[29,296,0.9495],[29,299,0.9121],[29,258,0.9069],[29,8,0.8942],[29,4,0.8782],[29,46,0.8718],[29,47,0.8659],[29,45,0.8646],[29,38,0.8633],[29,34,0.861],[29,264,0.8607],[29,283,0.8595],[29,257,0.8595],[29,265,0.8547],[29,288,0.8525],[29,9,0.8504],[29,36,0.849],[29,259,0.846],[29,0,0.8441],[29,15,0.8395],[30,26,0.9551],[30,316,0.9054],[30,261,0.89],[30,42,0.8892],[30,35,0.8854],[30,28,0.8854],[30,272,0.882],[30,260,0.8817],[30,270,0.8788],[30,5,0.8787],[30,11,0.8782],[30,288,0.8776],[30,16,0.8767],[30,282,0.8743],[30,7,0.8737],[30,22,0.8721],[30,17,0.8717],[30,293,0.8711],[30,3,0.8687],[30,36,0.8678],[31,22,0.9187],[31,310,0.9097],[31,5,0.9033],[31,302,0.8806],[31,278,0.8791],[31,14,0.8671],[31,16,0.8565],[31,293,0.854],[31,44,0.8519],[31,292,0.8506],[31,288,0.8484],[31,23,0.8474],[31,319,0.8467],[31,19,0.8458],[31,10,0.8445],[31,297,0.8429],[31,285,0.8427],[31,36,0.8411],[31,26,0.8405],[31,282,0.8396],[32,24,0.9749],[32,289,0.898],[32,21,0.8926],[32,290,0.8923],[32,266,0.8912],[32,279,0.891],[32,43,0.887],[32,9,0.8856],[32,15,0.8792],[32,4,0.8726],[32,39,0.8722],[32,258,0.8698],[32,11,0.8627],[32,0,0.8615],[32,265,0.8602],[32,264,0.8601],[32,257,0.86],[32,261,0.8586],[32,6,0.858],[32,284,0.8566],[33,303,0.9262],[33,287,0.9226],[33,306,0.8977],[33,301,0.8932],[33,322,0.8914],[33,262,0.8857],[33,10,0.8831],[33,23,0.8798],[33,28,0.8755],[33,298,0.8751],[33,22,0.8699],[33,14,0.869],[33,17,0.8667],[33,30,0.8638],[33,293,0.8637],[33,292,0.8636],[33,11,0.8634],[33,3,0.8626],[33,281,0.8613],[33,35,0.8608],[34,6,0.9462],[34,283,0.8816],[34,38,0.8796],[34,1,0.8731],[34,272,0.8685],[34,9,0.8631],[34,3,0.8626],[34,299,0.8617],[34,29,0.861],[34,15,0.8579],[34,27,0.8564],[34,44,0.8542],[34,265,0.8506],[34,296,0.8495],[34,23,0.8461],[34,8,0.8458],[34,39,0.8439],[34,4,0.8433],[34,46,0.8418],[34,2,0.8414],[35,7,0.98],[35,282,0.9616],[35,16,0.938],[35,5,0.9183],[35,42,0.9157],[35,270,0.914],[35,261,0.9128],[35,1,0.9043],[35,18,0.8918],[35,297,0.8862],[35,11,0.8859],[35,30,0.8854],[35,17,0.8828],[35,260,0.8826],[35,272,0.8812],[35,28,0.8794],[35,10,0.8765],[35,267,0.8724],[35,269,0.8711],[35,295,0.8705],[36,260,0.9646],[36,272,0.9393],[36,11,0.9217],[36,288,0.9193],[36,261,0.9102],[36,293,0.9007],[36,280,0.8985],[36,317,0.8963],[36,269,0.881],[36,267,0.8786],[36,262,0.8765],[36,14,0.8763],[36,26,0.8714],[36,28,0.8708],[36,310,0.8696],[36,30,0.8678],[36,271,0.8668],[36,18,0.8666],[36,35,0.8655],[36,16,0.8655],[37,304,0.9258],[37,308,0.8931],[37,282,0.892],[37,315,0.8877],[37,275,0.8819],[37,7,0.8806],[37,26,0.8776],[37,18,0.8703],[37,285,0.8702],[37,11,0.8694],[37,5,0.8691],[37,277,0.8676],[37,35,0.8666],[37,292,0.8666],[37,297,0.8661],[37,261,0.8661],[37,293,0.8642],[37,10,0.8635],[37,13,0.8578],[37,278,0.8558],[38,15,0.952],[38,34,0.8796],[38,9,0.8692],[38,296,0.868],[38,6,0.8675],[38,299,0.866],[38,4,0.8648],[38,29,0.8633],[38,258,0.8589],[38,53,0.8572],[38,289,0.8494],[38,283,0.8482],[38,264,0.8467],[38,21,0.8445],[38,16,0.8428],[38,1,0.8411],[38,282,0.8407],[38,314,0.8404],[38,46,0.8396],[38,272,0.8373],[39,274,0.946],[39,283,0.9396],[39,290,0.9088],[39,309,0.8906],[39,43,0.8769],[39,291,0.8765],[39,257,0.8762],[39,264,0.8723],[39,32,0.8722],[39,21,0.8714],[39,24,0.8694],[39,260,0.8636],[39,6,0.8626],[39,265,0.8611],[39,8,0.8611],[39,23,0.8607],[39,40,0.8573],[39,259,0.8571],[39,279,0.8523],[39,13,0.8523],[40,55,0.9335],[40,25,0.9013],[40,295,0.8959],[40,269,0.8914],[40,23,0.8818],[40,43,0.8816],[40,22,0.8774],[40,28,0.8752],[40,282,0.8735],[40,275,0.8667],[40,16,0.8659],[40,260,0.8655],[40,11,0.8639],[40,30,0.8627],[40,13,0.8617],[40,7,0.8609],[40,42,0.8607],[40,293,0.8599],[40,35,0.8583],[40,39,0.8573],[41,19,0.9347],[41,268,0.8605],[41,36,0.8559],[41,48,0.8549],[41,18,0.853],[41,44,0.8464],[41,10,0.8463],[41,260,0.8462],[41,267,0.8438],[41,49,0.843],[41,305,0.8424],[41,313,0.8412],[41,310,0.8411],[41,42,0.838],[41,302,0.836],[41,280,0.8358],[41,1,0.8343],[41,5,0.8342],[41,35,0.8331],[41,272,0.8329],[42,300,0.9329],[42,280,0.9179],[42,35,0.9157],[42,7,0.9106],[42,270,0.8978],[42,282,0.8954],[42,16,0.8942],[42,60,0.8937],[42,308,0.8931],[42,307,0.8911],[42,5,0.89],[42,30,0.8892],[42,261,0.8868],[42,260,0.8806],[42,10,0.8804],[42,295,0.8802],[42,11,0.8796],[42,262,0.8784],[42,269,0.8782],[42,304,0.8769],[43,289,0.9435],[43,57,0.9253],[43,4,0.9128],[43,257,0.8933],[43,309,0.8931],[43,32,0.887],[43,291,0.8866],[43,24,0.8833],[43,290,0.8829],[43,266,0.8827],[43,40,0.8816],[43,22,0.8786],[43,39,0.8769],[43,275,0.874],[43,314,0.8737],[43,274,0.8715],[43,9,0.8699],[43,264,0.8677],[43,0,0.8672],[43,25,0.8662],[44,23,0.925],[44,1,0.9153],[44,27,0.9143],[44,302,0.9104],[44,14,0.8976],[44,293,0.8885],[44,2,0.8877],[44,300,0.8861],[44,288,0.8788],[44,16,0.8711],[44,292,0.8688],[44,286,0.8687],[44,50,0.8667],[44,310,0.8659],[44,272,0.8655],[44,256,0.8643],[44,13,0.8616],[44,25,0.8603],[44,45,0.8601],[44,271,0.8577],[45,46,0.9423],[45,9,0.9128],[45,63,0.9055],[45,8,0.8833],[45,321,0.8824],[45,47,0.8803],[45,257,0.8779],[45,296,0.8738],[45,29,0.8646],[45,4,0.8637],[45,53,0.861],[45,44,0.8601],[45,43,0.8584],[45,264,0.8553],[45,299,0.8534],[45,39,0.8427],[45,289,0.8423],[45,32,0.839],[45,290,0.838],[45,265,0.8368],[46,63,0.9491],[46,45,0.9423],[46,9,0.9022],[46,47,0.8912],[46,264,0.8877],[46,4,0.8851],[46,296,0.8822],[46,321,0.8754],[46,29,0.8718],[46,312,0.8666],[46,258,0.8649],[46,43,0.8613],[46,299,0.8596],[46,257,0.8583],[46,48,0.8568],[46,8,0.8565],[46,314,0.8541],[46,274,0.8532],[46,259,0.8467],[46,289,0.8455],[47,46,0.8912],[47,45,0.8803],[47,296,0.8677],[47,29,0.8659],[47,4,0.8614],[47,8,0.8611],[47,264,0.8476],[47,299,0.8456],[47,53,0.8404],[47,284,0.8402],[47,34,0.84],[47,259,0.8392],[47,283,0.839],[47,63,0.8383],[47,257,0.838],[47,9,0.8372],[47,44,0.8372],[47,314,0.8348],[47,59,0.8342],[47,266,0.8314],[48,18,0.9259],[48,270,0.9213],[48,49,0.8905],[48,306,0.88],[48,304,0.8726],[48,275,0.8683],[48,271,0.862],[48,256,0.8604],[48,42,0.86],[48,294,0.8586],[48,4,0.8571],[48,46,0.8568],[48,41,0.8549],[48,11,0.8541],[48,10,0.8539],[48,35,0.8531],[48,293,0.8511],[48,300,0.8501],[48,277,0.8498],[48,7,0.8497],[49,17,0.9278],[49,281,0.9266],[49,28,0.8994],[49,48,0.8905],[49,306,0.8901],[49,301,0.8542],[49,303,0.8531],[49,304,0.8515],[49,287,0.8509],[49,11,0.8505],[49,271,0.8498],[49,305,0.8492],[49,35,0.848],[49,256,0.8476],[49,267,0.8456],[49,313,0.844],[49,41,0.843],[49,14,0.8425],[49,18,0.8424],[49,54,0.8416],[50,2,0.9203],[50,25,0.9124],[50,295,0.9022],[50,13,0.901],[50,16,0.8755],[50,42,0.8726],[50,318,0.87],[50,300,0.869],[50,44,0.8667],[50,307,0.8567],[50,1,0.8478],[50,282,0.8472],[50,272,0.8471],[50,269,0.8428],[50,293,0.8419],[50,280,0.8418],[50,30,0.8408],[50,40,0.8379],[50,54,0.8377],[50,23,0.8374],[51,263,0.9453],[51,279,0.8516],[51,52,0.8379],[51,265,0.8342],[51,284,0.8331],[51,258,0.8304],[51,264,0.8297],[51,311,0.8292],[51,21,0.8277],[51,289,0.822],[51,0,0.8206],[51,37,0.82],[51,24,0.8197],[51,43,0.8191],[51,305,0.8185],[51,290,0.8167],[51,12,0.8164],[51,9,0.8158],[51,15,0.8152],[51,6,0.8149],[52,0,0.9197],[52,265,0.8599],[52,264,0.8532],[52,284,0.8529],[52,20,0.8453],[52,59,0.8428],[52,312,0.8423],[52,46,0.8414],[52,51,0.8379],[52,299,0.8338],[52,257,0.8336],[52,12,0.8334],[52,45,0.8312],[52,290,0.829],[52,56,0.828],[52,43,0.8277],[52,258,0.8274],[52,26,0.8265],[52,9,0.8259],[52,274,0.825],[53,266,0.9054],[53,21,0.9008],[53,279,0.8792],[53,45,0.861],[53,38,0.8572],[53,16,0.852],[53,8,0.8514],[53,9,0.841